function [pref_fase, pref] = vectorPrefijos(Nsimbolos)
pref = [0 0 0 0 1 1 1 0 1 1 1 1 0 0 1 0 1 1, ...
        0 0 1 0 0 1 0 0 0 0 0 0 1 0 0 0 1 0 0, ...
        1 1 0 0 0 1 0 1 1 1 0 1 0 1 1 0 1 1 0, ...
        0 0 0 0 1 1 0 0 1 1 0 1 0 1 0 0 1 1 1, ...
        0 0 1 1 1 1 0 1 1 0 1 0 0 0 0 1 0 1 0, ...
        1 0 1 1 1 1 1 0 1 0 0 1 0 1 0 0 0 1 1, ...
        0 1 1 1 0 0 0 1 1 1 1 1 1 1];
pref = pref(1:Nsimbolos);
pref_fase = pref*pi;

end

